MEME version 4

ALPHABET= ACGT

strands: + -

Background letter frequencies:
A 0.30962 C 0.19038 G 0.19038 T 0.30962


MOTIF ZNF436 ZN436_HUMAN.H11MO.0.C

letter-probability matrix: alength= 4 w= 24 nsites= 485 E= 0
  0.055670	  0.078351	  0.117526	  0.748454	
  0.020619	  0.855670	  0.037113	  0.086598	
  0.531959	  0.317526	  0.026804	  0.123711	
  0.301031	  0.096907	  0.465979	  0.136082	
  0.086598	  0.018557	  0.870103	  0.024742	
  0.024742	  0.002062	  0.969072	  0.004124	
  0.849485	  0.049485	  0.065979	  0.035052	
  0.515464	  0.012371	  0.457732	  0.014433	
  0.041237	  0.006186	  0.948454	  0.004124	
  0.167010	  0.059794	  0.754639	  0.018557	
  0.000000	  1.000000	  0.000000	  0.000000	
  0.020619	  0.024742	  0.010309	  0.944330	
  0.010309	  0.055670	  0.084536	  0.849485	
  0.000000	  0.981443	  0.002062	  0.016495	
  0.072165	  0.843299	  0.010309	  0.074227	
  0.032990	  0.105155	  0.016495	  0.845361	
  0.053608	  0.000000	  0.921649	  0.024742	
  0.035052	  0.014433	  0.925773	  0.024742	
  0.952577	  0.004124	  0.016495	  0.026804	
  0.117526	  0.000000	  0.882474	  0.000000	
  0.010309	  0.002062	  0.985567	  0.002062	
  0.911340	  0.035052	  0.012371	  0.041237	
  0.158763	  0.000000	  0.841237	  0.000000	
  0.028866	  0.002062	  0.956701	  0.012371	

MOTIF DMRTC2 

letter-probability matrix: alength= 4 w= 12 nsites= 1018 E= 0
  0.618147	  0.096408	  0.078450	  0.206994	
  0.618269	  0.057692	  0.102885	  0.221154	
  0.157850	  0.066553	  0.030717	  0.744881	
  0.041921	  0.078603	  0.117031	  0.762445	
  0.000000	  0.013559	  0.986441	  0.000000	
  0.525172	  0.305492	  0.001144	  0.168192	
  0.094340	  0.075472	  0.006604	  0.823585	
  0.987557	  0.006787	  0.000000	  0.005656	
  0.000000	  0.997714	  0.002286	  0.000000	
  0.885396	  0.000000	  0.040568	  0.074037	
  0.177941	  0.121324	  0.058824	  0.641912	
  0.162658	  0.161512	  0.175258	  0.500573		

MOTIF STAT5A STA5A_HUMAN.H11MO.0.A

letter-probability matrix: alength= 4 w= 10 nsites= 500 E= 0
  0.008000	  0.038000	  0.004000	  0.950000	
  0.068000	  0.022000	  0.006000	  0.904000	
  0.010000	  0.986000	  0.002000	  0.002000	
  0.050000	  0.442000	  0.012000	  0.496000	
  0.658000	  0.000000	  0.342000	  0.000000	
  0.388000	  0.004000	  0.588000	  0.020000	
  0.004000	  0.002000	  0.986000	  0.008000	
  0.946000	  0.000000	  0.018000	  0.036000	
  0.962000	  0.006000	  0.030000	  0.002000	
  0.422000	  0.172000	  0.230000	  0.176000	

MOTIF STAT5B STA5B_HUMAN.H11MO.0.A

letter-probability matrix: alength= 4 w= 12 nsites= 500 E= 0
  0.156000	  0.238000	  0.156000	  0.450000	
  0.008000	  0.026000	  0.008000	  0.958000	
  0.058000	  0.016000	  0.012000	  0.914000	
  0.010000	  0.956000	  0.006000	  0.028000	
  0.076000	  0.316000	  0.014000	  0.594000	
  0.000000	  0.000000	  0.424000	  0.576000	
  0.470000	  0.018000	  0.412000	  0.100000	
  0.020000	  0.004000	  0.938000	  0.038000	
  0.850000	  0.034000	  0.020000	  0.096000	
  0.970000	  0.002000	  0.026000	  0.002000	
  0.446000	  0.146000	  0.194000	  0.214000	
  0.190000	  0.254000	  0.140000	  0.416000	

MOTIF STAT6 STAT6_HUMAN.H11MO.0.B

letter-probability matrix: alength= 4 w= 11 nsites= 500 E= 0
  0.014000	  0.118000	  0.072000	  0.796000	
  0.034000	  0.038000	  0.054000	  0.874000	
  0.084000	  0.868000	  0.016000	  0.032000	
  0.184000	  0.240000	  0.034000	  0.542000	
  0.078000	  0.480000	  0.324000	  0.118000	
  0.526000	  0.180000	  0.002000	  0.292000	
  0.262000	  0.012000	  0.692000	  0.034000	
  0.032000	  0.006000	  0.932000	  0.030000	
  0.942000	  0.032000	  0.018000	  0.008000	
  0.926000	  0.010000	  0.054000	  0.010000	
  0.424000	  0.208000	  0.324000	  0.044000	

MOTIF TAF1 TAF1_HUMAN.H11MO.0.A

letter-probability matrix: alength= 4 w= 16 nsites= 500 E= 0
  0.506000	  0.058000	  0.406000	  0.030000	
  0.752000	  0.046000	  0.156000	  0.046000	
  0.424000	  0.056000	  0.512000	  0.008000	
  0.530000	  0.096000	  0.360000	  0.014000	
  0.350000	  0.172000	  0.034000	  0.444000	
  0.090000	  0.032000	  0.838000	  0.040000	
  0.018000	  0.014000	  0.958000	  0.010000	
  0.324000	  0.652000	  0.008000	  0.016000	
  0.232000	  0.056000	  0.622000	  0.090000	
  0.070000	  0.064000	  0.832000	  0.034000	
  0.282000	  0.540000	  0.060000	  0.118000	
  0.180000	  0.064000	  0.644000	  0.112000	
  0.158000	  0.166000	  0.632000	  0.044000	
  0.302000	  0.412000	  0.188000	  0.098000	
  0.190000	  0.146000	  0.526000	  0.138000	
  0.272000	  0.138000	  0.528000	  0.062000	

